Number	Name
001	Bulbasaur
002	Ivysaur
003	Venusaur
004	Charmander
005	Charmeleon
006	Charizard
007	Squirtle
008	Wartortle
009	Blastoise
010	
011	
012	
013	
014	
015	
016	
017	
018	
019	
020	
021	
022	
023	
024	
025	Pikachu
026	
027	
028	
029	
030	
031	
032	
033	
034	
035	
036	
037	
038	
039	
040	
041	
042	
043	
044	
045	
046	
047	
048	
049	
050	
051	
052	
053	
054	
055	
056	
057	
058	
059	
060	
061	
062	
063	
064	
065	
066	
067	
068	
069	
070	
071	
072	
073	
074	
075	
076	
077	
078	
079	
080	
081	
082	
083	
084	
085	
086	
087	
088	
089	
090	
091	
092	
093	
094	
095	
096	
097	
098	
099	
100	Voltorb
101	Electrode
102	
103	
104	
105	
106	Hitmonlee
107	Hitmonchan
108	
109	
110	
111	
112	
113	
114	
115	Kangaskhan
116	
117	
118	
119	
120	
121	
122	
123	
124	Jynx
125	
126	
127	
128	
129	
130	
131	Lapras
132	
133	
134	
135	
136	
137	Porygon
138	Omanyte
139	Omastar
140	Kabuto
141	Kabutops
142	Aerodactyl
143	
144	Articuno
145	Zapdos
146	Moltres
147	
148	
149	
150	Mewtwo
151	Mew
152	Chikorita
153	Bayleef
154	Meganium
155	Cyndaquil
156	Quilava
157	Typhlosion
158	Totodile
159	Croconaw
160	Feraligatr
161	
162	
163	
164	
165	
166	
167	
168	
169	
170	
171	
172	
173	
174	
175	
176	
177	
178	
179	
180	
181	
182	
183	
184	
185	
186	
187	
188	
189	
190	
191	
192	
193	
194	
195	
196	
197	
198	
199	
200	
201	
202	
203	
204	
205	
206	
207	
208	
209	Snubbull
210	Granbull
211	
212	
213	Shuckle
214	
215	Sneasel
216	
217	
218	
219	
220	Swinub
221	Piloswine
222	
223	
224	Octillery
225	Delibird
226	
227	
228	
229	
230	
231	Phanpy
232	Donphan
233	Porygon2
234	
235	
236	Tyrogue
237	Hitmontop
238	Smoochum
239	
240	
241	
242	Blissey
243	
244	
245	
246	
247	
248	
249	
250	
251	
252	
253	
254	
255	
256	
257	
258	
259	
260	
261	
262	
263	
264	
265	
266	
267	
268	
269	
270	
271	
272	
273	
274	
275	
276	
277	
278	Wingull
279	Pelipper
280	
281	
282	
283	
284	
285	
286	
287	
288	
289	
290	
291	
292	
293	
294	
295	
296	
297	
298	
299	Nosepass
300	Skitty
301	Delcatty
302	
303	Mawile
304	
305	
306	
307	
308	
309	
310	
311	
312	
313	
314	
315	
316	
317	
318	
319	
320	
321	
322	
323	
324	
325	Spoink
326	Grumpig
327	
328	
329	
330	
331	
332	
333	
334	
335	
336	
337	Lunatone
338	Solrock
339	
340	
341	
342	
343	
344	
345	Lileep
346	Cradily
347	Anorith
348	Armaldo
349	
350	
351	
352	
353	
354	
355	
356	Dusclops
357	
358	Chimecho
359	
360	Wynaut
361	Snorunt
362	Glalie
363	Spheal
364	Sealeo
365	Walrein
366	Clamperl
367	Huntail
368	Gorebyss
369	Relicanth
370	Luvdisc
371	
372	
373	
374	
375	
376	
377	
378	
379	
380	
381	
382	
383	
384	
385	
386	
387	
388	
389	
390	
391	
392	
393	
394	
395	
396	
397	
398	
399	
400	
401	
402	
403	
404	
405	
406	
407	
408	Cranidos
409	Rampardos
410	Shieldon
411	Bastiodon
412	
413	
414	
415	
416	
417	Pachirisu
418	
419	
420	
421	
422	
423	
424	
425	
426	Drifblim
427	
428	
429	
430	
431	
432	
433	
434	Stunky
435	Skuntank
436	Bronzor
437	Bronzong
438	
439	
440	
441	
442	Spiritomb
443	
444	
445	
446	
447	Riolu
448	Lucario
449	
450	
451	Skorupi
452	Drapion
453	
454	
455	
456	
457	
458	
459	Snover
460	Abomasnow
461	Weavile
462	Magnezone
463	
464	
465	
466	
467	
468	
469	
470	
471	
472	
473	Mamoswine
474	Porygon-Z
475	
476	
477	
478	Froslass
479	Rotom
480	
481	
482	
483	
484	
485	
486	
487	
488	
489	
490	
491	
492	
493	
494	
495	
496	
497	
498	
499	
500	
501	
502	
503	
504	
505	
506	
507	
508	
509	
510	
511	
512	
513	
514	
515	
516	
517	Munna
518	Musharna
519	
520	Tranquill
521	Unfezant
522	
523	
524	
525	
526	
527	
528	
529	
530	
531	
532	
533	
534	
535	
536	
537	
538	
539	
540	
541	
542	
543	
544	Whirlipede
545	Scolipede
546	
547	
548	
549	
550	
551	
552	
553	
554	
555	
556	
557	
558	
559	
560	
561	
562	
563	
564	Tirtouga
565	Carracosta
566	Archen
567	Archeops
568	Trubbish
569	Garbodor
570	
571	
572	
573	
574	
575	
576	
577	Solosis
578	Duosion
579	Reuniclus
580	
581	
582	Vanillite
583	Vanillish
584	Vanilluxe
585	
586	
587	
588	
589	
590	
591	
592	
593	
594	
595	
596	
597	
598	
599	Klink
600	Klang
601	Klinklang
602	
603	Eelektrik
604	Eelektross
605	
606	
607	
608	
609	
610	Axew
611	Fraxure
612	Haxorus
613	Cubchoo
614	Beartic
615	Cryogonal
616	Shelmet
617	Accelgor
618	Stunfisk
619	Mienfoo
620	Mienshao
621	Druddigon
622	
623	
624	Pawniard
625	Bisharp
626	
627	
628	
629	
630	
631	
632	
633	Deino
634	Zweilous
635	Hydreigon
636	
637	
638	
639	
640	
641	
642	
643	
644	
645	
646	
647	
648	
649	
650	
651	
652	
653	
654	
655	
656	
657	
658	
659	
660	
661	
662	
663	
664	
665	
666	
667	
668	
669	
670	
671	
672	Skiddo
673	Gogoat
674	
675	
676	
677	
678	Meowstic
679	
680	
681	
682	Spritzee
683	Aromatisse
684	Swirlix
685	Slurpuff
686	
687	
688	
689	
690	
691	
692	
693	
694	
695	Heliolisk
696	Tyrunt
697	Tyrantrum
698	Amaura
699	Aurorus
700	
701	
702	
703	Carbink
704	
705	
706	
707	
708	
709	
710	
711	
712	Bergmite
713	Avalugg
714	
715	
716	
717	
718	
719	
720	
721	
722	
723	
724	
725	
726	
727	
728	
729	
730	
731	
732	
733	
734	Yungoos
735	Gumshoos
736	
737	
738	
739	
740	
741	
742	
743	
744	
745	
746	
747	
748	Toxapex
749	
750	
751	
752	
753	
754	
755	
756	
757	
758	
759	Stufful
760	Bewear
761	
762	
763	
764	Comfey
765	Oranguru
766	Passimian
767	
768	
769	
770	
771	
772	Type: Null
773	Silvally
774	Minior
775	
776	
777	Togedemaru
778	
779	
780	
781	Dhelmise
782	
783	
784	
785	
786	
787	
788	
789	
790	
791	
792	
793	
794	
795	
796	
797	
798	
799	
800	
801	
802	
803	
804	
805	
806	
807	
808	
809	
810	
811	
812	
813	
814	
815	
816	
817	
818	
819	Skwovet
820	Greedent
821	
822	
823	
824	
825	Dottler
826	Orbeetle
827	Nickit
828	Thievul
829	
830	
831	
832	
833	
834	
835	Yamper
836	Boltund
837	
838	
839	
840	
841	
842	
843	
844	
845	
846	
847	
848	
849	
850	
851	
852	
853	
854	
855	
856	
857	
858	
859	
860	
861	
862	
863	Perrserker
864	
865	
866	
867	
868	
869	
870	
871	
872	Snom
873	Frosmoth
874	Stonjourner
875	Eiscue
876	Indeedee
877	
878	
879	
880	Dracozolt
881	Arctozolt
882	Dracovish
883	Arctovish
884	Duraludon
885	
886	
887	
888	
889	
890	
891	
892	
893	
894	
895	
896	
897	
898	
899	
900	
901	
902	
903	
904	Overqwil
905	
906	
907	
908	
909	
910	
911	
912	
913	
914	
915	
916	
917	
918	
919	
920	
921	
922	
923	
924	Tandemaus
925	Maushold
926	
927	
928	Smoliv
929	Dolliv
930	Arboliva
931	Squawkabilly
932	
933	
934	
935	
936	Armarouge
937	Ceruledge
938	
939	
940	Wattrel
941	Kilowattrel
942	
943	
944	
945	
946	
947	
948	Toedscool
949	Toedscruel
950	
951	
952	Scovillain
953	
954	
955	
956	
957	Tinkatink
958	Tinkatuff
959	Tinkaton
960	
961	
962	
963	
964	
965	Varoom
966	Revavroom
967	
968	
969	
970	
971	
972	
973	
974	Cetoddle
975	Cetitan
976	
977	
978	
979	
980	Clodsire
981	
982	
983	Kingambit
984	
985	
986	
987	
988	
989	
990	
991	
992	
993	
994	
995	
996	
997	
998	
999	
1000	
1001	
1002	
1003	
1004	
1005	
1006	
1007	
1008	
1009	
1010	
1011	
1012	
1013	
1014	
1015	
1016	
1017	
1018	
1019	
1020	
1021	
1022	
1023	
1024	
1025	